index	lean	coq	csharp	javascript	cpp	python	ruby	typescript	idris	agda	java	haskell	coffeescript	forth	factor	bf	nasm	c	cobol	swift	php	sql	lua	go	clojure	lambdacalc	dart	fsharp	shell	perl	rust	scala	kotlin	julia	commonlisp	fortran	prolog	racket	nim	elixir	reason	purescript	erlang	r	crystal	groovy	solidity	ocaml	riscv
1 kyu	0	0.0	1.0	14.0	0.0	8.0	4.0	0.0	0.0	2.0	1.0	10.0	0.0	2.0	2.0	0.0	0.0	0.0	0.0	0.0	0.0	0.0	0.0	0	0	0.0	0	0	0	0	0.0	0	0	0	0.0	0.0	0	0.0	0	0	0.0	0	0.0	0	0.0	0	0	1	0
2 kyu	0	0.0	5.0	28.0	2.0	9.0	4.0	1.0	2.0	1.0	3.0	13.0	1.0	0.0	0.0	0.0	0.0	1.0	0.0	0.0	0.0	0.0	0.0	0	0	0.0	0	0	0	0	0.0	0	0	0	0.0	0.0	0	0.0	0	0	0.0	0	0.0	0	0.0	0	0	0	0
3 kyu	0	0.0	6.0	57.0	0.0	17.0	2.0	0.0	1.0	1.0	4.0	7.0	0.0	0.0	0.0	2.0	0.0	0.0	0.0	0.0	2.0	1.0	0.0	0	0	0.0	0	0	0	0	0.0	0	0	0	0.0	0.0	0	0.0	0	0	0.0	0	0.0	0	0.0	0	0	0	0
4 kyu	0	8.0	18.0	213.0	6.0	78.0	21.0	0.0	0.0	0.0	12.0	22.0	0.0	3.0	0.0	4.0	0.0	1.0	0.0	0.0	1.0	4.0	0.0	0	0	2.0	0	0	0	0	0.0	0	0	0	0.0	0.0	1	0.0	0	0	0.0	0	0.0	0	0.0	0	0	0	0
5 kyu	4	14.0	44.0	748.0	5.0	218.0	31.0	0.0	2.0	3.0	30.0	22.0	0.0	6.0	2.0	10.0	0.0	8.0	1.0	0.0	4.0	17.0	0.0	0	0	1.0	0	0	0	0	0.0	0	3	0	0.0	0.0	0	0.0	0	0	0.0	0	0.0	0	0.0	0	1	0	0
6 kyu	19	23.0	124.0	1828.0	26.0	497.0	94.0	3.0	3.0	3.0	72.0	51.0	4.0	17.0	7.0	16.0	2.0	18.0	2.0	2.0	11.0	23.0	0.0	0	0	3.0	0	0	1	0	2.0	4	6	0	1.0	3.0	0	1.0	0	1	0.0	0	1.0	0	1.0	0	0	0	0
7 kyu	9	12.0	123.0	1683.0	39.0	370.0	67.0	9.0	1.0	3.0	70.0	61.0	2.0	8.0	15.0	11.0	2.0	24.0	1.0	0.0	17.0	41.0	4.0	2	0	1.0	0	0	5	0	2.0	2	0	0	0.0	1.0	1	0.0	0	1	1.0	0	0.0	0	0.0	0	0	0	0
8 kyu	6	3.0	128.0	313.0	5.0	49.0	41.0	2.0	1.0	3.0	13.0	12.0	1.0	8.0	24.0	4.0	3.0	6.0	1.0	1.0	2.0	16.0	2.0	0	1	0.0	0	2	1	0	0.0	0	0	0	0.0	0.0	0	0.0	0	0	0.0	0	0.0	1	0.0	0	1	0	0
	1																							1	1		1	1	1	1		1	1	1			1		1	1		1		1		1	1	1	1
